 1 1 1 1 1 000 1 1 1 1 1 000 1 1 1 1 000 1 1 1 1 1 01110 000 0010 000 0010 000 1 0010 1 000 00110 00110 00110 0010 0010 1 1 000 1 1 0010
 1 1 1 000 1 1 1 1 000 1 1 1 1 000 1 1 000 1 1 1 1 1 0110 000 0010 1 000 1 1 1 000 1 010011 00110 0010 0010 000 000 1 1 0010 1 0010
 1 1 000 1 1 1 000 1 1 1 000 1 1 1 000 1 1 1 000 1 1 1 1 1 0110 1 1 000 0010 000 1 010011 00110 0010 1 1 000 1 000 0010 1 0010 1
 1 000 1 000 1 1 1 1 000 1 1 000 1 1 000 1 1 1 000 1 1 01010 1 1 01110 000 1 000 1 000 001111 01010 00110 0010 0110 000 1 1 0010 1 1 1 0010
 000 1 1 000 1 000 1 1 1 000 1 000 1 1 1 000 1 1 1 1 000 1 0010 01010 0110 1 0010 1 0110 0010 00110 00110 0010 1 000 1 1 1 1 1 1 1 0010
 000 1 1 1 000 1 1 000 1 000 1 1 1 000 1 1 000 1 1 1 000 1 1 1 0010 000 1 000 0010 011110 00110 0110 1 0010 0110 1 1 0010 000 1 1 0010 1
 1 1 000 1 000 1 1 000 1 000 1 1 000 1 1 1 000 1 1 1 000 1 1 1 0101111 011110 1 000 00110 011110 01010 010001 1 00110 01110 1 1 00110 0110 1 1 0010 1
 000 1 1 000 1 000 1 000 1 1 000 1 000 1 1 000 1 1 1 0010 010001 010011 00110 01000010 0011100 0011101 1 0010 00110 011110 01010 0011100 1 01010 01110 1 1 00110 0110 1 000 0010 1
 1 000 1 1 000 1 000 1 000 1 000 1 000 1 1 000 1 1 0110 01010 010011 011110 1 010110011 0101111 0101110 01010 01110 001111 0101110 00110 0011100 1 01010 01110 1 1 00110 0110 000 1 1 1
 000 1 000 1 1 000 000 1 000 1 000 1 1 000 1 000 1 000 000 0011101 010011 0110 010001 01000000 0110 010001 0101110 000 001111 011110 00110 010010 0010 01010 01110 1 1 00110 0110 1 000 1 1
 1 000 1 000 1 000 1 000 000 1 000 1 1 000 1 000 1 000 010011 0011101 1 00110 0101100001 0111110 01000010 0011100 01010 00110 0101110 0010 001111 010001 000 001111 01110 1 1 00110 0110 1 1 1 1
 1 000 000 1 000 1 000 000 000 1 000 1 000 1 1 000 1 0110 01000001 001111 000 001111 0011100 010110010 1 01110 0111110 010001 01000001 0010 001111 0011100 1 001111 01110 1 1 00110 0110 1 1 1 1
 000 1 1 000 000 000 000 000 000 1 000 0110 0010 1 1 000 1 0110 0111110 0011101 01011011 0011100 01000000 010001 00110 001111 01010 0010 01010 010001 01111111 010010 0010 01010 010001 0010 1 01010 01110 1 1 0010 1
 1 0110 0010 1 0110 000 01110 0010 0110 000 0010 000 0010 000 1 1 0110 01110 011110 0101100000 000 010010 01011011 1 0010 010010 00110 0111110 0011101 010010 010011 000 000 0010 1 1 000 0010 000 000 1 1 1
 1 010001 0010 0010 0110 0010 0110 000 0110 1 000 00110 000 0010 1 1 000 0010 000 01000001 000 01010 0110 000 010110011 01110 0010 010110001 0011101 0010 1 000 000 0010 0110 000 1 01010 0110 1 0010 000 1
 1 1 0110 1 0110 000 0010 1 0010 0010 000 000 0101111 00110 00110 000 001111 000 0110 010011 001111 010001 0011100 01000000 0011100 010011 01110 0100001111 01010 00110 0010 0110 0110 01010 000 000 1 0010 0110 000 1 1 0010
 0011100 000 01010 0110 010011 0101111 000 0011101 00110 0110 01000010 1 01110 0111110 01010 01010 010010 0010 010010 1 010011 01011010 01111110 000 010010 000 011110 01111111 1 1 1 1 000 1 1 000 1 0010 000 1 1 000 000
 0101110 01110 01110 0111110 0010 000 000 01111110 011110 0010 010010 0010 0010 000 001111 0010 010001 001111 0110 000 00110 1 011110 01000000 01011011 01000001 1 0010 001111 1 1 1 000 1 1 1 000 0010 000 1 1 000 1
 0010 010011 010001 0010 0010 0110 0010 1 0101111 1 01011010 00110 000 000 000 0110 01010 000 1 000 0010 0110 010011 01000000 01010 011110 010001 0010 00110 1 1 1 000 000 0010 1 1 1 1 000 1 000 000
 001111 010010 001111 1 000 010001 01010 000 000 01010 1 000 0010 0010 01111110 0101110 00110 0110 1 0110 00110 00110 1 010010 01110 01000001 010001 001111 0010 1 000 1 000 1 0010 1 1 000 1 000 1 000 1
 1 000 0010 1 1 000 0110 0010 1 0010 1 1 0011100 01010 010001 001111 000 00110 1 0110 1 00110 000 010010 010001 0011101 01010 0010 1 1 1 000 1 1 1 1 1 1 1 000 000 1 000
 1 0110 00110 1 01110 0010 01110 0010 0010 000 00110 0110 000 00110 0010 0110 000 000 010010 001111 1 01011010 0110 000 0101111 010011 0101110 000 0010 000 1 1 1 1 1 1 1 1 000 1 1 000 1
 000 000 01110 001111 0110 0010 000 0010 000 1 0110 000 01010 1 1 0110 000 00110 01110 0010 1 010011 01110 0110 01000000 010011 0011101 000 1 1 1 1 1 1 1 1 1 1 1 000 1 000 1
 1 010001 00110 00110 1 0010 000 1 1 1 1 0110 0110 00110 000 1 1 01110 00110 0010 1 00110 0110 0110 010010 1 010110001 0010 000 1 1 1 1 1 1 1 1 1 1 000 1 1 000
 000 0010 01110 01010 000 1 0010 1 0010 0110 01110 01110 011110 1 000 000 1 1 0011100 01000010 0011101 0111110 01110 1 01011011 00110 011110 001111 000 1 1 1 1 1 1 1 1 1 1 000 1 1 1
 000 0010 00110 1 1 000 0010 0101111 01000010 011110 0011101 0110 000 010010 011110 000 0010 0110 010001 010010 0100001110 000 000 010010 0110 0110 010011 0011101 000 1 1 1 1 1 1 1 1 1 1 000 1 1 1
 01010 1 1 000 0010 0110 01110 01010 010110010 0100001101 000 0010 0110 0110 1 000 00110 0100001100 000 01010 01111111 000 000 1 0011100 0101111 0101110 01011010 1 1 1 1 1 1 1 1 1 1 1 000 1 1 1