 1 1 1 1 1 1 1 1 1 1 1 1
 1 1 1 000 000 1 1 1 1 1 1 1
 1 1 000 010111 010111 000 1 1 1 1 1 1
 1 1 000 0100101 01000 0100100 000 1 1 1 1 1
 1 000 0011011 001100 001100 001011 000 1 1 1 1 1
 000 000 01000 001010 010110 0011010 000 1 1 1 1 1
 1 000 00111 01111 01110 01101 01101 000 000 1 1 1
 1 000 00111 01111 010101 010100 01101 01101 01000 000 1 1
 1 000 00111 01111 010101 010100 01110 01110 01100 001001 000 1
 1 000 00111 010110 01111 01110 00111 010011 01100 001011 000 1
 000 000 001001 001010 001010 010011 01100 001100 01100 001001 000 1
 1 1 000 001011 001000 001000 01000 01000 001000 000 1 1
 1 1 1 000 000 000 000 000 000 1 1 1
 1 1 1 1 1 1 1 1 1 1 1 1