 0001 0001 0001 0001 0001 111 111 111 111 111 111 0110 0110 0110 0110 0110 110 110 110 110 110 110 00100 00000 00100 00000 00100 00000 00000 00100 00100 00000 00001 110 111 0001 0101 0101 0101 0001 0001 0001 0101
 0001 0001 0001 111 111 111 111 111 0110 0110 0110 0110 0110 110 110 110 1010 1010 1010 1010 1010 1010 00100 00000 00100 00100 00000 00000 00000 00000 00101 00101 110 111 0001 0101 0001 111 111 111 0001 0001 0101
 0001 0001 111 111 111 111 0110 0110 0110 0110 110 110 110 110 1010 1010 1010 1010 00001 00001 00001 00001 00001 00001 00000 00000 00000 00101 00000 00101 00101 110 111 0001 0001 0001 111 111 0110 111 111 0001 0001
 0001 111 111 0110 0110 0110 0110 0110 110 110 110 1010 1010 1010 00001 00001 00001 00001 00100 00100 00100 110 110 110 00100 00000 00000 00101 00101 01001 00001 0110 0001 0101 111 0110 0110 0110 111 111 111 111 0001
 111 111 111 0110 0110 110 110 110 110 1010 1010 00001 00001 00001 00001 00100 00100 00100 00100 00100 00000 00000 00100 110 00001 00001 1010 1010 00100 00001 110 111 0001 0001 111 111 111 111 111 111 111 111 0001
 0110 0110 0110 0110 110 110 110 1010 1010 00001 00001 00001 00001 00100 00100 00100 00000 00000 00000 00000 00101 00101 00101 00101 00000 00101 00101 01001 00101 111 0101 111 111 0001 0110 0110 0110 111 0110 0110 0110 111 111
 0110 0110 110 110 1010 1010 1010 00001 00001 00100 00100 00100 00000 00000 00000 00000 00101 00101 00101 00101 01001 01001 01001 01001 0111101 01001 01001 010000 00101 111 0011 0110 0110 0001 110 110 110 111 110 110 110 0110 0110
 110 110 110 1010 1010 00001 00001 00100 00100 00100 00000 00000 00101 00101 00101 01001 01001 01001 01001 00101 10110 00000 00001 0111101 010001000 011100 011100 010000 00101 111 0011 110 110 0001 110 110 110 111 110 110 1010 110 110
 110 1010 1010 1010 00001 00001 00100 00100 00000 00000 00101 00101 01001 01001 01001 010000 010000 010000 10110 01001 1010 100 100 10111 01000110 10110 01001 10110 00101 0001 0011 110 110 0001 110 110 110 111 110 1010 1010 1010 1010
 1010 1010 00001 00001 00001 00100 00000 00000 00101 00101 01001 01001 01001 010000 010000 011100 011100 10110 10111 110 0011 0001 1010 10110 011101 010001111 010000 011100 00000 0001 0011 1010 110 0001 110 110 110 111 110 110 1010 1010 1010
 1010 00001 00001 00100 00100 00000 00000 00101 01001 01001 010000 010000 010000 011100 011100 10110 10110 10111 00101 0011 0011 011111 010000 111 10110 01000101 011101 10110 1010 110 0101 110 1010 0001 110 110 110 111 110 110 110 110 110
 1010 00001 00100 00100 00000 00000 00101 01001 010000 010000 011100 011100 10110 10110 10110 10111 10111 01111001 1010 0001 111 100 0110 01000101 01000101 01000110 011100 01111001 1010 110 0101 1010 1010 0001 110 110 110 111 110 110 110 110 110
 00001 00001 00001 00100 00000 00101 01001 010000 011100 011100 10110 011101 10111 10111 10111 011101 011101 0111101 00000 100 00100 011100 01111000 010001110 010001000 01000101 011101 10111 010000 011101 0011 1010 110 0001 1010 110 110 0001 110 110 110 0110 0110
 00001 00000 00100 00100 00101 01001 10110 011100 10111 011101 10111 011101 10111 011101 011101 011101 0111101 01111000 10110 100 0011 1010 10111 10111 10110 010001111 0111101 00000 100 110 0011 0101 0001 0101 0101 0101 0001 0101 0001 111 111 111 111
 00001 01001 00101 00000 01001 00101 010000 011100 10111 10111 011101 10110 10111 10110 10110 10110 10111 10110 10111 0110 110 0001 0110 110 01111000 0100010011 010001000 01001 0101 0011 0011 0101 0001 0101 111 0110 0110 0101 111 111 0001 111 111
 00001 00001 00000 00000 01001 010000 01001 01001 00101 00000 00101 01001 0111101 011101 10110 10111 01001 010000 10110 00000 110 00000 10110 01000110 0100010010 01000110 010001110 110 0001 0011 100 0101 111 0011 0101 0001 0001 0101 111 0110 0110 0110 111
 010000 011100 00101 010000 00001 10110 10111 110 111 110 011101 011101 01000101 00101 00001 0110 00101 00000 10111 10111 00101 0110 10110 10111 01111000 01000110 10111 100 100 100 100 100 0011 0011 0011 0101 0101 0011 0101 0101 0101 0001 111
 0110 00001 00101 0101 0011 0101 0001 010000 110 0110 00101 00000 00100 00000 110 0110 00100 0110 1010 00001 110 110 011111 1010 10111 0110 0110 111 100 100 100 100 0011 0011 0011 0011 0101 0011 0101 0101 0101 0001 0001
 111 011111 0001 0101 0011 0001 0101 0101 00100 00100 0001 0011 0101 0001 111 110 0001 111 111 0110 111 110 0011 00100 110 011111 0001 0101 100 100 100 100 0011 0101 0011 0011 0011 0011 0011 0101 0101 0001 111
 100 110 0101 0101 0001 1010 111 0110 110 0001 0001 111 0001 0101 01001 111 0101 111 111 110 111 0101 0101 00001 00101 100 111 100 011111 011111 100 100 0011 0011 100 100 100 0011 0011 0101 0101 0001 0001
 100 0011 100 100 100 0011 0001 0101 0101 0011 0011 0011 110 0001 1010 0001 111 0101 0101 111 111 0101 0001 00100 010000 0001 100 011111 011111 011111 011111 100 100 100 100 100 100 100 100 0011 0101 0101 0001
 100 0101 100 100 0001 0101 0110 111 0001 111 0101 111 0110 0001 0101 111 0110 110 01001 00001 00001 0101 111 0110 01001 1010 011111 100 011111 100 100 100 100 100 100 100 100 100 0011 0011 0011 0101 0101
 0011 0101 0110 0011 0001 0101 0001 0101 0001 0001 0110 110 0001 0001 0001 0110 110 111 1010 110 110 0011 111 110 011100 00100 011111 100 100 100 100 100 100 100 100 100 100 100 100 0011 0011 0101 0101
 0011 0110 0001 0011 0011 100 0011 0011 0011 0011 0011 0001 0110 0001 111 111 111 1010 0110 111 111 0101 111 110 01001 01001 100 011111 100 100 100 100 100 100 100 100 100 100 100 0011 0011 0011 0101
 0101 0011 111 0011 0101 0101 0011 0011 100 0101 0110 00001 0011 0011 0101 0001 0001 0001 00001 0111101 00100 100 0001 0001 01001 00000 0001 011111 100 100 100 100 100 100 100 100 100 100 100 0011 0011 0011 0011
 0001 0101 100 100 100 0011 100 1010 01111001 00101 0011 0001 111 00000 0001 111 0001 0110 00100 10110 0101 0001 111 00000 01001 011100 00100 011111 100 100 100 100 100 100 100 100 100 100 100 0011 0011 0011 0011
 100 100 100 0011 100 0101 0110 0101 011101 0001 111 0001 0110 1010 1010 00001 110 01111001 0111101 10111 100 0011 0101 0101 1010 011100 110 100 100 100 100 100 100 100 100 100 100 100 100 0011 0011 0011 0011