 01011 01011 01011 01011 110100 10101 10101 10101 10101 10101 00110 00110 011000 011000 00110 10010 011000 10010 10010 10010 01000 00110 0101001 11101 11101 11101 11101 11101 11101 11101 11101 0101000 11101 000010 00101 10010 110100 00110 00110 00110 011000 011000 10101
 110100 10101 10101 10101 10101 00110 00110 00110 10010 10010 01000 10010 10010 01000 01000 01000 01000 001001 11011 11011 11011 01000 001111 100000 11101 11101 100000 100000 100000 011111 1011001 01100100 000010 00101 00110 00110 00110 01110 11011 001001 01000 00110 00110
 10101 00110 00110 00110 011000 011000 10010 10010 01000 01000 01000 001001 001001 11011 01110 01110 01110 01110 00101 00101 00101 00101 000001 000110 100000 100000 100000 011111 011111 1011001 0001011 0101001 00101 00110 00110 01000 01110 00101 00101 11011 01000 10010 00110
 011000 10010 011000 10010 10010 01000 001001 11011 11011 11011 01110 01110 00101 00101 00101 00101 11000 11000 11000 11000 11100 01000 11000 001000 100000 0101000 0000110 0000110 1101011 0001011 100000 10111 00110 01011 001001 00101 00101 00101 001001 01000 10010 10010 00110
 01000 01000 01000 001001 001001 11011 00101 00101 00101 00101 0001010 11000 11100 11000 11100 11100 11100 10111 10111 10111 10111 000001 10111 11000 10111 10111 11100 10111 001000 101101 001000 11011 01110 10010 11011 11011 01110 00101 11011 11011 001001 01000 10010
 001001 001001 11011 01110 00101 00101 0001010 0001010 11000 11000 010101 010101 10111 000001 000001 000001 000001 001000 001000 001000 001000 0100111 0100111 000010 00101 0100111 000110 000110 000110 0001010 00110 001001 00101 01000 11000 00101 0001010 00101 11000 00101 01110 11011 01000
 01110 01110 00101 0001010 11000 11100 11100 010101 10111 000001 001000 001000 001000 0100111 000010 000110 000110 000010 000110 100000 11101 000110 001111 000110 0000111000 0101001 101101 11101 001111 11011 000000 11000 11100 01000 11100 11100 11100 01110 11000 11000 11000 01110 11011
 0001010 11000 010101 10111 10111 000001 001000 000010 000010 000110 001111 0101001 001111 001111 101101 00111000 101101 00111000 101101 0001001 1000011001 0000110 0001010 10100011 000100001 01100100 100000 011111 001111 00101 01011 010101 000001 01110 10111 11100 010101 00101 11100 010101 11100 11000 0001010
 010101 000001 001000 0100111 000010 000110 001111 101101 101101 11101 11101 100000 011111 011111 0101000 0101000 0101000 1011001 0000110 0001011 1011000 10111 10010 1000011000 000100001 0100110 101101 0001011 00111000 11011 110100 10111 001000 01110 10111 10111 010101 01110 010101 000001 10111 11100 11100
 000001 0100111 000010 000110 001111 101101 11101 100000 100000 0101000 1011001 0000110 01100100 1101011 1101011 0001011 0001011 00111011 10100010 0100111 010101 000110 0100110 1000010111 100111101 1000010110 00111011 1101011 001111 01110 00110 000001 0100111 01110 000001 10111 10111 00101 010101 010101 10111 010101 010101
 0100111 000110 0101001 101101 11101 011111 011111 0000110 01100100 1101011 0001011 0001001 0001001 0111100 0110011 0111100 0110011 1010011 01100100 11011 01110 01011 1000010101 00111011 10100011 1000010100 10100011 000100000 000110 000010 00110 001000 000110 01110 001000 000001 10111 00101 010101 11100 11100 11000 11000
 001111 00111000 11101 011111 1011001 0000110 0001011 0001001 0111100 0110011 1101010 1101010 1010011 000011111 0100101 0100101 0100101 0100110 000001 001000 11101 10010 1011000 000011110 1000010011 000011110 100111100 1000010010 00111000 001000 011000 000010 000110 11011 001000 000001 000001 01110 010101 11100 11100 00101 00101
 11101 11101 100000 1011001 0001011 0110011 1101010 000011111 000011111 0100101 0100100 00111010 00111001 00111001 10100001 10100001 0100110 00111010 100000 01011 00111010 00010001 1000010001 1000010000 000100001 100111101 10100011 000011101 100111011 00010001 01011 000010 000010 01000 000010 000001 001000 11011 10111 10111 11100 11000 00101
 0001001 10100000 0100101 0001001 0100101 0001001 10100000 0100101 0111101111 1010010 00111001 100111010 0100110 10011111 100111001 1010010 100111000 00010001 1101010 10101 001001 0001001 100110111 100110110 100110111 0111101110 0111101101 10100000 1111 101101 10101 01011 01000 011000 00110 10101 00110 10101 10010 01000 01000 01000 11011
 0110011 100110101 0111101100 0100100 10100010 1011000 10100000 1010011 100110100 0100110 000011101 0100100 0100100 0100100 100111011 1011000 1010010 1010011 0100110 001111 0001001 000110 10100010 1010010 100110011 0111101011 100110010 00111010 00110 00110 01011 00110 00101 00110 00101 000001 00101 00110 001001 01000 10010 10010 10010
 011111 0101001 001111 001111 0001011 1010011 1101011 1101010 00111001 10100010 1101010 0111100 0111101010 0000111000 100110001 100110000 1011000 0100100 100001111 00111010 0101000 10011111 100001110 100110010 0111101001 0111101000 0110010111 0101001 01000 10101 000000 001001 10111 10101 01000 01110 01110 01000 00101 01110 0001010 01110 001001
 00111011 1011001 101101 1010010 11101 000100000 00010001 000001 01011 01000 00010001 100110100 100001101 0100110 000001 10010 0100100 1101010 0110010110 000100000 0110011 000010 100110000 100001101 0110010101 100110011 00010001 000111 1111 01101 000000 01101 110100 01011 01011 110100 01011 10101 000000 10010 10101 01000 01110
 000010 0101000 1010010 10010 11001 000111 11001 0001001 110100 000010 000011101 0100100 0111100 101101 11100 01110 100111000 10111 001111 011111 01000 011111 11001 0000110 100110110 100000 000110 000010 10001 000000 01101 000000 10101 01011 01011 110100 110100 110100 01011 000000 110100 10101 011000
 0000110 11001 01110 11100 10001 10010 01011 01011 0001001 100111100 0000110 000000 00110 01000 011000 10111 01101 00101 001000 000001 01011 001111 00110 1101011 0100111 11001 00101 10010 10001 01101 01101 000000 110100 00110 000000 01011 000000 000000 000000 01011 01011 10101 00110
 00110 000010 001001 01011 0101001 0111100 11100 0111100 0100100 0001011 11000 01110 10010 110100 100110101 10010 1111 11000 0101001 1010011 01000 01101 01000 011111 0110011 10101 000010 10001 000111 000111 1111 1111 000000 10101 01101 01101 01101 000000 10001 000000 01011 10101 011000
 1111 1111 10001 11001 000111 01000 11101 001111 001000 01011 11001 11001 11101 00110 000010 00110 011000 11001 10001 001001 01011 01011 11100 0000110 0100101 001001 000000 000111 1111 1111 1111 000111 000000 000000 1111 1111 10001 01101 10001 01101 01011 10101 00110
 1111 011000 11001 110100 000110 0111100 1010010 001111 11011 0001010 10101 11101 101101 011000 1111 11011 11100 0101000 1011000 0001011 001111 000000 10111 000010 0100101 000010 11001 1111 1111 1111 1111 000111 1111 1111 1111 10001 1111 01101 10001 01101 01101 01011 10101
 00110 11000 0100100 001111 0110011 011111 000010 01000 000110 01110 100111010 10100001 01011 11000 11000 0000110 0110010100 000001 0111100 101101 011111 01011 10111 000010 0100110 011111 11001 000111 1111 1111 1111 000111 000111 1111 1111 10001 1111 01101 10001 01101 000000 000000 01011
 011000 0100110 0101000 00111000 11011 11001 11001 000111 11001 000111 11001 11001 01000 01101 10101 01011 10001 01110 1111 11001 1111 00110 000001 001111 1011000 0110011 01101 000111 1111 1111 1111 1111 1111 1111 10001 1111 1111 01101 10001 01101 01101 000000 01011
 001000 00101 1010011 10010 10101 10101 11001 11001 11001 11001 11011 11000 000111 1111 000111 10001 1111 11001 11000 10011111 11101 01101 11000 10111 1010010 0001001 001001 11001 000111 1111 10001 000111 10001 10001 1111 01101 1111 01101 1111 01101 01101 000000 000000
 000010 000110 000111 11001 1111 01101 11001 10100001 000011110 100110001 10001 01110 011000 11101 11001 1111 000111 01101 000110 1010011 000000 00101 0101001 00111011 1011000 0100101 0000110 11001 1111 1111 1111 1111 10001 10001 1111 1111 01101 10001 10001 10001 01101 01101 000000
 110100 11001 000111 01011 11001 11101 100111001 011111 100001110 000110 11011 001001 11000 000001 010101 11100 10101 100001111 10011111 00111001 000111 01011 01110 0001010 1011001 0000111001 010101 1111 000111 1111 10001 10001 10001 10001 1111 10001 1111 01101 01101 10001 10001 01101 01101