 1010 100 100 01 01 01 01 01 01 01 01 01
 1010 100 100 001 001 01 01 01 01 01 01 01
 1010 100 001 0001001 0001001 001 01 01 01 100 01 01
 1010 100 001 1101101 1101100 1101011 001 01 01 01 01 01
 00001 001 1101010 1101001 0001000 000110 001 100 100 100 100 100
 0000011 001 1101000 0000010 0000001 1100111 001 00001 00001 00001 00001 00001
 1010 001 000101 1100110 0000000 111111 111110 001 001 01 01 01
 01 1100101 000101 111101 1100100 1100011 111111 111110 1100010 001 100 100
 00001 111100 000101 111101 1100001 1100000 0000000 1011111 1011110 111011 001 100
 1010 111100 1011101 0000001 1011100 1011011 1011010 111010 111001 000110 001 100
 0000011 001 111011 1011001 0000010 111010 1011000 0001000 111001 0001111 001 1010
 00001 100 001 000110 111000 111000 110111 110111 0001110 001 100 100
 1010 100 100 001 001 001 001 001 001 01 01 01
 1010 100 100 01 01 01 01 01 01 01 01 01