 11 11 11 11 001 001 11 11 11 11 001 11 001 11 0101 0100 0101 001 11 11 001 000010 1000000 000100 11 11 11 11 11 11 11 10101 000010 0110011 101101 0000010 011101 0100 11 11 001 11 01111
 001 001 11 11 11 001 11 11 0100 11 001 0101 11 001 11 11 11 001 001 11 11 01111 1011000 000100 0101 11 001 11 11 001 0100 0100 0110010 101101 000000 11 11 011100 0101 0101 0101 000010 11
 001 001 11 11 001 11 001 11 001 11 11 001 11 001 001 11 11 11 001 11 11 11 011100 000100 011100 11 11 001 11 0100 000100 0110010 0110001 000000 11 10101 10101 001 11 01111 01111 0101 01111
 0100 001 0101 001 11 001 001 001 11 11 001 11 001 11 11 11 0100 11 11 11 001 000000 011100 101111 1010011 0100 0100 11 0100 001 000000 0110001 0110010 000010 011010 10101 11 11 000010 0101 0101 11 01111
 0100 11 11 001 11 001 0100 11 11 11 001 001 001 0101 001 11 11 0100 11 11 11 001 0101 000010 10101 11 01111 0100 0100 011100 0110011 101101 001 011101 10101 11 001 001 01111 11 0101 0101 0101
 001 11 001 001 001 11 001 11 001 11 0100 11 001 001 11 11 11 001 11 11 11 001 11 001 101101 0110000 0100 11 11 101101 0001111 000100 10101 011101 011100 01111 001 0101 0100 01111 0101 0101 01111
 0100 11 001 001 001 001 11 001 001 001 001 11 11 001 001 001 11 0101 001 011100 0101 0000010 0100 01111 1000110111 1000110110 0100 0100 000010 00011011 101101 1010010 001 000000 011010 11 11 011101 10101 11 11 000010 0101
 0100 001 0100 001 11 001 001 0100 11 001 0100 0101 001 11 001 001 0101 001 0101 0110111 100101001 1000110101 00010110 1000110100 10110010 1000110011 0000010 001 0000010 0110010 0001100 0110110 0100 000000 011100 01111 001 011101 10101 001 0101 0101 0101
 10101 0100 001 001 001 001 0100 001 11 0100 11 001 001 11 001 11 11 001 001 10101 1010001 100101000 0001100 1000110010 10011111 1000110001 000011101 00010101 101101 1010000 000000 0110110 0100 0001111 011100 11 0101 0000010 101111 0100 0101 01111 11
 0100 0100 001 001 0100 001 0100 001 11 0100 001 001 001 001 11 001 11 001 000100 000011100 011101 011100 10011110 1000110000 000011011 011101 100100111 01111 0001100 0001110 0110011 1010010 0100 101101 011010 0101 11 0000010 000100 11 001 0101 11
 0100 0100 001 0100 0100 0100 11 10101 001 001 001 0100 11 001 001 0101 001 10101 101101 10011101 001 101101 1000101111 10011100 100100110 1011101 00010110 00011010 000011010 0101 1010000 0110110 10101 0110001 0110000 0101 0101 0000010 000100 0101 11 0101 11
 000100 0100 001 0100 0100 001 10101 0100 001 001 0100 11 001 001 001 11 11 101111 10011011 001 0110000 000011100 100100101 1000101110 0001100 00010101 10011100 1000000 1000101101 000000 0001110 1011100 001 0110010 1010011 0101 11 000000 101111 0101 11 000010 11
 10101 11 001 10101 000100 000100 0100 0100 11 001 001 1010011 000000 11 001 11 001 101111 100100100 100100100 000011001 1000101100 100100011 10011110 0110001 00010100 1010000 00001111 000011000 10011111 1000101011 1011101 11 0001110 1010010 000010 001 101101 011010 11 01111 0101 01111
 00010101 0110110 000000 000000 011010 000000 0110110 000000 1010011 0101 0000010 0110000 0110011 011010 10101 000000 0110000 1011101 1000101010 1000101001 101111 100100010 1000101000 10101 000010 10011010 0110010 1000100111 1000100110 10011110 00011010 01111 011100 01111 0101 0101 001 0101 10101 001 11 11 0100
 0100 1000000 011010 00010110 0000010 011100 101111 101101 1011101 0110010 10011111 00010111 11 11 101111 011101 011100 0001100 011010 10011001 1010010 00001111 1000000 0110111 1000100101 1010001 000000 1000100100 10011100 11 000010 10101 011010 000000 011010 011100 0110011 000000 000100 0101 0101 11 11
 0001100 0110011 001 11 1010001 011010 0001111 011010 011100 000000 001 000010 1000100011 00011011 00010100 101111 10011000 0101 1000100010 00001111 000011101 100100001 100100000 10110010 1011100 10010111 000001111 1000100001 00001111 011101 000010 0110000 0110000 0001110 000100 10101 11 000010 000100 0101 0100 01111 01111
 011010 0000010 0110011 10011110 10011001 1000100000 011010 1000011111 1010000 011100 1000011110 00010100 10011010 1000011101 10011011 0110001 1000011100 011101 10110010 000010 00010111 00010100 000011001 1000000 10011010 001 100011111 1000011011 001 0100 001 0101 10101 0101 11 001 0101 0100 000010 011100 000010 000100 10101
 00001111 1010011 10010110 1000011010 0110001 001 0101 1000011001 100011110 1000000 100100110 00010111 000000 0001110 0001100 011101 1000011000 100011111 011010 101111 00011010 10010101 00010111 100100000 1000010111 1000010110 0110011 0101 10010111 0100 0101 001 10101 01111 11 001 11 11 0101 0101 0100 001 0100
 1010001 100011101 1011100 000100 1010000 0110000 0000010 11 100011100 100100101 1000010101 10011011 000100 10101 01111 1010001 000001110 0110111 011010 0101 1010000 10010110 00010110 10011111 00011011 000011101 1011000 0000010 0001111 001 11 001 0100 0100 011101 001 0101 11 11 001 11 0100 001
 10011000 1011000 0110010 000000 10010101 1011100 10011101 000001101 011010 0001100 00011010 000010 011101 011101 1000010100 000011010 101101 1011000 1010011 1011101 100011110 0001111 0110000 10010101 00010101 000001100 000001111 10010111 01111 11 001 11 10101 10101 011101 11 11 001 01111 0100 001 0100 0100
 000000 11 001 000010 001 1010001 1011101 000010 0000010 000001110 0110011 11 10110011 10010111 1011000 1010000 001 0001100 10101 00010101 000000 11 1010010 000001111 0110111 000001100 0001111 011101 001 11 11 0101 000100 11 000010 11 001 001 0101 001 0100 0100 001
 11 0110000 0001100 011010 1011101 1011000 0110110 000011000 00011011 10101 101101 000001101 01111 00010110 0001111 0110111 101111 1011100 1011000 0110001 0110001 10011101 1011000 000100 000001101 10011101 10011001 0100 11 11 11 0101 001 11 11 001 0101 0100 0101 001 11 0100 0100
 011010 1010011 10110011 00011010 1011100 0001100 0001111 0001110 0110110 0110001 1000010011 000000 1000010010 0110111 11 1000000 100100001 1000010001 000011011 0001110 000100 10011000 1011100 000100 100100010 000011100 00010111 001 001 11 11 0101 11 001 11 001 0101 0100 0101 001 001 11 001
 001 100101001 00010110 011101 1010000 00011011 11 001 0101 001 0101 11 0110111 0001111 000100 01111 000010 0110111 0001110 01111 0100 011010 1010010 011100 10010110 000000 1000010000 000010 001 11 11 11 11 11 001 0101 11 0100 0101 001 11 001 001
 1010010 000000 10011010 000001100 000010 11 0001111 11 11 11 0110110 000100 000001110 001 0101 0100 0101 01111 1000000 1000001111 100101000 10011000 0110110 10101 100011100 00001111 000011000 0001110 001 001 001 01111 0100 11 0101 0100 01111 0100 01111 0100 11 001 11
 0100 001 10011001 0101 0100 0100 011101 000011001 1000001110 1000001101 100100111 0110111 0000010 10010101 10011011 0100 0101 10101 10010110 000011011 1000001100 1010001 1010001 1010010 00010101 01111 0110010 100011101 0100 11 11 11 001 11 0101 11 0100 0101 11 11 001 11 001
 00010100 000000 001 101111 0110011 10110011 100100011 1000001011 1000001010 1000001001 0110010 0101 101111 000100 01111 0101 0110001 1000001000 0001110 101101 000011010 101111 1010011 0100 1000000 10110010 10011100 00010100 0101 001 001 11 11 11 0101 001 0101 0100 11 0101 11 001 11