 2 3 3 3 3 3 3 3 3 3 3 3 3 3 3 3 3 3 3 3 2 3 3 4 7 7 7 7 7 7 7 9 9 9 6 2 2 3 2 3 3 3 2
 3 3 3 4 4 4 4 4 4 4 4 4 4 5 4 4 4 4 4 4 4 3 3 4 7 7 6 7 7 7 8 10 8 5 2 2 3 5 4 4 3 3 2
 4 4 4 4 4 5 4 5 5 5 5 5 5 5 5 5 5 5 6 5 5 5 3 4 8 7 7 7 7 7 10 9 5 2 2 4 5 7 4 4 3 3 3
 5 5 5 5 5 6 7 6 6 6 6 7 7 6 6 6 7 6 7 7 6 4 3 5 9 10 10 9 8 10 10 6 1 1 4 5 5 7 4 4 4 3 3
 6 6 6 6 7 7 7 7 7 7 7 8 7 7 8 7 7 7 7 7 8 8 7 5 7 6 6 6 6 9 7 2 6 5 5 6 6 7 6 5 5 4 4
 7 7 7 8 8 8 9 8 9 8 9 9 9 9 9 9 9 9 9 9 8 9 10 8 4 9 9 9 9 5 1 5 7 5 7 7 7 7 7 7 6 5 5
 8 9 8 9 10 10 10 10 10 10 10 11 11 10 11 11 10 10 10 14 13 9 10 9 46 10 10 11 10 5 2 7 8 6 8 8 8 7 8 7 7 6 5
 10 10 11 11 12 12 12 12 13 13 13 13 13 13 13 13 13 13 12 22 47 18 6 51 71 16 12 13 11 6 2 8 10 7 9 9 9 7 8 9 8 7 6
 11 12 13 13 14 14 14 15 15 15 15 16 16 16 16 15 15 16 15 19 30 15 7 57 71 25 10 16 12 5 3 9 11 7 10 9 9 8 9 8 8 7 6
 13 13 14 15 16 16 16 17 17 18 17 18 18 19 18 18 18 18 19 11 13 17 32 52 64 57 17 15 12 6 3 10 12 7 10 10 9 8 9 9 8 8 7
 15 15 16 17 17 18 19 20 20 20 20 20 20 21 20 20 21 21 17 6 10 5 52 28 57 63 53 39 11 10 3 10 13 7 11 10 10 9 8 9 8 7 7
 17 18 19 20 21 21 22 23 23 23 24 23 24 24 24 24 23 25 10 11 19 9 39 73 66 68 44 52 13 10 4 12 13 7 11 10 11 9 9 8 8 7 7
 19 19 19 21 23 25 25 28 27 26 26 29 27 27 26 26 26 28 14 2 31 45 59 73 68 61 52 42 23 38 2 12 13 6 12 11 11 7 10 9 9 8 7
 29 39 31 29 29 31 30 29 33 33 28 34 32 34 36 32 29 38 23 2 6 21 46 48 49 63 56 29 0 12 2 2 6 5 3 3 4 4 4 5 5 5 5
 30 38 43 33 20 30 34 22 36 25 48 27 24 25 28 25 29 23 28 12 20 16 28 35 67 71 68 29 4 4 3 5 8 4 8 12 7 5 5 5 4 3 4
 19 15 13 11 21 24 17 26 31 25 25 21 60 53 43 43 30 28 43 32 14 30 53 69 74 64 73 13 5 4 2 7 13 5 7 9 8 7 8 7 8 7 4
 16 11 8 28 19 41 47 13 0 4 40 21 36 30 11 4 26 24 44 41 16 10 39 50 66 66 43 1 1 2 2 1 3 4 3 3 3 4 2 5 3 5 6
 13 19 27 7 0 0 0 16 0 16 49 20 18 10 9 7 38 9 11 17 2 16 0 18 49 18 15 13 1 2 2 2 4 3 3 3 2 3 2 1 2 2 3
 27 1 10 14 2 4 2 3 19 53 26 4 6 7 4 10 0 8 14 13 0 16 5 17 11 0 9 6 1 2 2 2 3 5 2 2 2 3 1 1 2 2 3
 6 12 9 4 19 27 10 29 34 28 12 7 6 4 35 5 0 10 19 31 5 0 7 16 20 5 13 2 1 1 1 1 3 4 1 2 2 2 1 2 2 2 3
 1 1 2 0 0 8 20 23 19 4 0 0 17 4 12 3 3 0 2 6 0 2 10 18 23 6 3 0 1 1 1 1 2 3 1 1 1 2 2 1 1 2 3
 2 5 0 5 18 33 43 17 10 10 4 21 22 6 0 7 10 20 23 23 15 2 11 13 23 12 0 1 1 1 1 1 1 1 2 2 1 2 1 2 1 2 3
 7 14 32 23 36 28 18 10 20 10 43 38 2 12 12 26 46 16 29 19 22 3 11 12 27 14 0 1 1 1 1 1 1 1 1 2 1 2 1 2 2 2 2
 9 39 22 24 11 0 0 0 0 0 0 0 4 0 2 0 0 3 0 0 0 5 11 14 25 20 1 1 1 1 1 1 1 1 1 1 2 2 1 2 2 2 2
 19 17 35 9 4 4 0 0 0 0 3 4 0 0 0 0 0 0 2 10 6 3 10 12 30 20 6 0 1 1 1 1 2 2 1 2 1 1 1 2 2 3 3
 19 19 1 0 0 2 0 33 74 40 1 11 4 8 0 0 0 0 2 7 2 8 16 18 24 21 16 0 1 1 1 1 2 2 1 1 2 1 1 1 2 2 2
 6 0 1 4 0 25 48 27 56 19 7 9 10 9 7 2 0 21 7 8 0 4 8 10 19 37 8 1 1 1 1 2 2 2 1 2 1 2 1 1 1 2 2