 010001 0101010 0101010 010100 010100 011000 0000101 0000101 0000101 010111 010111 0000100 011110 011110 011110 0000011 0000011 010000 010000 010000 010000 011110 0010101 101111 101011 0010100 0010100 0010100 0010100 0010100 0010100 0111010 0010100 0010101 010110 010111 010001 011000 010100 0000101 010111 010111 0101010
 010100 011000 0000101 0000101 010111 011110 0000100 011110 0000011 010000 001100 001100 001100 001111 001111 001111 0000010 0010011 001110 001110 0010011 001111 0011011 101010 101011 101011 0010100 0000001 0000001 0000001 1011000 1111100 0010010 001110 011000 010100 0000101 0010011 001100 001100 011110 0000101 010100
 010111 010111 0000100 011110 0000011 0000011 010000 001100 001111 0000010 0000010 0010011 0010011 011100 010110 010110 010110 111001 011011 011011 0000000 0000000 101001 0010010 111000 0010100 111000 0000001 1001111 0111010 00110100 0110011 001110 011000 011000 0000011 001110 010110 011100 001100 0000011 0000100 0000101
 0000011 010000 0000011 010000 001100 0000010 001110 011100 011100 011100 010110 111001 011011 0000000 0000000 0010001 110111 110111 101001 101001 001011 0000010 111001 110110 1001111 0111010 1100111 0100111 1100111 0110010 0000001 110111 0101010 011010 001100 011100 011100 111001 010000 010000 0000011 0000100 0000101
 001111 001111 0000010 0010011 001110 010110 011011 011011 0000000 0000000 110111 101001 001011 001011 101000 110110 101000 110101 0010010 110101 0010101 0011011 110101 011011 101000 001011 0010001 001011 0010010 1100110 101000 010000 0010011 0000011 001111 0010011 001110 010110 0010011 0000010 0000010 001100 011110
 001110 001110 010110 011011 0000000 0000000 110111 110111 001011 001011 110101 0010010 0010101 0011011 0011011 0011011 111111 0110011 1001110 0110011 0110011 101111 101111 101111 0000000 101111 101011 101011 101010 011100 010100 001111 111001 010000 0000000 011011 011011 010110 0000000 011011 001110 0000010 001100
 111001 011011 0010001 110111 001011 110110 101000 110101 0011011 111111 0110011 101111 101111 101111 101010 101011 101011 101011 101011 1100111 0100111 101011 1001111 101011 100011011 0010100 00011111 00011110 111000 001111 101110 0010001 110111 001111 101001 101001 101001 010110 110111 0010001 0010001 011100 0010011
 110111 001011 110101 0010101 0011011 111111 1001110 1100110 101010 111000 0000001 0000001 00011111 00011111 0111010 00011110 1011000 1011000 0111010 100011010 100011001 10011011 0010001 100011000 1000001001 01010110 1111100 00110100 0000001 011100 011010 001011 0010010 001110 110110 001011 110110 010110 101001 110110 001011 110111 011011
 110101 111111 1001110 1100110 101010 111000 1001111 0111010 00011110 0100111 1100111 10011010 0110010 0110010 01001011 01001011 01001011 000101101 01001010 1100101 10011001 110101 011110 1000001000 1000000111 01001001 1001111 1100100 0111010 001111 010001 101000 111111 001110 101000 101000 110110 010110 110110 110101 101000 001011 110111
 111111 1100110 101010 111000 00011111 00011110 0100111 10011010 00110100 10011000 000101101 01001010 01010110 1100101 1100101 1100100 1000000110 1000000101 00011101 111111 001011 101010 10010111 100010111 1000000100 1000000011 1100100 01010110 0000001 001110 010100 0010101 0110011 011100 0010101 101000 101000 111001 110110 110110 101000 110110 001011
 101010 111000 1001111 1011000 0100111 0110010 10011000 01010110 00011100 1100100 00011011 100011010 10010110 00011010 10010101 10010101 00011101 100010110 10011011 001100 001110 010001 100011011 00011011 100010101 1000000010 100010100 100010011 101111 111111 011000 0011011 1100110 001110 0011011 0010010 110101 111001 001011 001011 101001 0010001 0010001
 00011111 0100111 10011010 01001011 01001010 00011100 00011011 00011010 10010100 1000000001 01001000 01001000 00110101 10010011 10011001 1011001 1011001 100010010 0010010 0010010 0111010 0000011 10010010 000101100 1000000000 0111111111 000101011 100011000 0000001 0010101 010111 101111 101011 0010011 111111 0010010 0010101 111001 110110 101001 110111 011011 011011
 1111100 1111100 10011010 10011011 00011011 10010100 01001000 10011001 10011001 1011001 10010001 10010000 01001001 01001001 10010010 10001111 00011001 100010001 0100111 101101 100010000 000101010 0111111110 0111111101 0111111100 0111111011 100010100 0111111010 100001111 000101011 101101 1001110 1100110 010000 101111 0010101 0011011 0010011 110101 101000 001011 0010001 011011
 00011101 10010000 1011001 10010100 1011001 00011000 000101001 10001110 100001110 100001110 10001111 0111111001 100001101 000101000 11111011 100010001 000101000 100001100 01001000 010001 010000 1100101 0111111000 100001011 0111110111 0111110110 0111110101 10001111 000100 101010 010001 011010 010000 0000100 011000 010100 010111 0000101 011110 001100 001100 001100 0000010
 11111010 100001010 100001001 10010111 00011010 10001110 10010000 01001000 11111011 10001111 0111110100 10001110 10010001 100001111 00011001 10001110 100001101 00110101 00011001 1100110 01001010 101010 10010101 100010000 100001000 0111110011 0111110010 0111110001 011000 011000 011010 010111 010110 0000101 111001 0010101 010110 0000100 001111 001100 0000011 0000100 011110
 00110100 0000001 1001111 0000001 00011011 00011000 01010110 00011000 10010111 00011101 11111010 10010110 0111110000 100010111 0111011111 000101011 01001001 10010001 100000111 000101001 1011000 000101001 0111011110 000101100 0111011101 0111011100 0111011011 101010 001100 010100 0010000 001111 0010010 011000 001111 010110 011100 001100 111001 011100 0000000 011100 001111
 1100101 00110100 111000 00011001 1111100 100000111 100011001 111111 010001 001111 100000110 10010000 0111011010 01001001 111111 010000 00110101 00011101 100000110 0111011001 1100100 0011011 100010011 0111011000 0101011111 100001000 000101010 110100 11110 11101 101110 11000 010001 010001 011010 0101010 010001 011000 101101 011110 010100 010000 001110
 101111 00110100 10010010 010000 110100 11110 11110 1100100 010100 101010 100001100 00011101 1100101 111000 001011 011100 100001010 001011 101010 1100111 001100 00011110 00010111 0110010 100001011 0100111 101010 1001110 000011 0010000 11101 0010000 010100 011010 011010 010001 010001 0101010 010001 0010000 010001 010100 010111
 01001010 110100 111001 110110 11101 011110 011010 0101010 00011100 000101010 10011011 011010 0000100 001111 011110 110101 101110 011011 111111 0010101 010001 111000 010111 000101101 111111 00010111 010110 011110 11000 101110 11101 101110 010001 010111 0010000 011010 101101 101101 101110 101101 011010 0101010 010111
 010111 1001110 0000010 0101010 111000 00011010 101001 00011010 1011001 1100101 101001 001110 010000 011000 100000101 010000 000011 110111 0000001 00011000 001111 11101 001100 1111100 10010110 010100 0110011 11000 0100110 000100 11110 11110 101101 010100 11000 11101 11101 0010000 11000 101101 011010 010100 010111
 11110 11000 11000 0100110 110100 001100 1011000 0111010 101111 010001 110100 110100 1011000 010111 101111 0000101 0000100 000100 101110 001111 011010 011010 101001 10011000 100010110 001111 101101 0100110 11110 000100 000100 110100 0010000 0010000 000100 000011 000011 11101 11000 11101 101101 0101010 011000
 11110 0000100 0100110 010100 101011 10010100 0101011110 111000 011100 0010001 011000 0100111 0100111 011110 000011 001110 001011 0110010 00110101 1100100 1001111 101101 101000 0110011 00011000 101111 00010111 000100 000100 11110 000100 000100 11110 000011 000011 11000 11110 11101 11000 11101 101110 010001 010100
 0000100 001011 10010011 00011111 11111010 01001011 101010 0000010 111000 010110 100000101 100010010 010001 101001 101001 00011100 0101011101 1001110 10010101 1011000 0110010 010001 101000 0110011 10010010 1100111 00010111 000100 000100 11110 000011 000100 000100 000011 000011 11000 000011 11101 11000 11101 0010000 101101 010001
 010000 00011001 1111100 00011110 011100 0100110 110100 000100 110100 000100 110100 11110 001100 11101 011000 011010 101110 001110 101110 000011 11101 010111 110101 0010100 1011001 00011010 11000 110100 000100 000011 11110 11110 000011 11110 000011 11110 000011 11101 11000 101110 101110 0010000 011010
 1001110 110110 00110101 001100 011000 011000 110100 110100 0100110 000100 001111 011011 000100 11110 000011 11101 11101 11110 111001 10010001 101011 11101 0010001 101000 00011001 00011011 0000010 00010111 000100 11110 000011 000100 11000 11000 11110 11101 000011 11000 000011 11101 101110 101101 101101
 101011 101010 000100 0100110 000100 101110 0100110 10010111 000101100 100001001 11101 111001 0000100 111000 11110 11101 11000 0010000 110101 00011100 101101 010110 101011 00011100 10010011 00011000 0110010 00010111 11110 000011 11110 11110 11000 11000 11110 000011 11101 000011 11000 11000 11101 101110 0010000
 010100 0100110 000100 011010 0100110 1100111 11111011 10011000 100010101 0010100 001110 011100 101001 0010010 001011 0000000 011000 000101000 10010011 10010110 110100 011010 001110 011011 0110010 0101011100 001011 000011 000100 11110 000011 11000 11000 11000 11110 11000 000011 11101 11000 11000 11000 11101 11101