 011 1 1 1 1 1 1 1 1 1 1 1
 011 1 1 001 001 1 1 1 1 1 1 1
 011 1 001 0100100 0100100 001 1 1 1 1 1 1
 011 1 001 00001111 010111 00001110 001 1 1 1 1 1
 011 001 00001101 00001100 010001 00001011 001 1 1 1 1 1
 010110 001 010111 00001010 0100001 00001001 001 011 011 011 011 011
 011 001 010101 00001000 0100000 0001111 0001110 001 001 1 1 1
 011 010110 010101 0001101 00000111 00000110 0001111 0001110 010111 001 1 1
 011 001 010101 0001101 00000101 00000100 0100000 0001100 00000011 010100 001 1
 011 001 00000010 0100001 0001011 0001100 00000001 0001010 010001 0001001 001 1
 010110 001 010100 0001011 00000000 0001010 0100101 010001 010001 010100 001 011
 011 1 001 0001001 010011 010011 0001000 0001000 010011 001 1 1
 011 1 1 001 001 001 001 001 001 1 1 1
 011 1 1 011 1 1 1 1 1 1 1 011