 00 011 00 00 00 00 00 00 00 00 00 00 00 00 00 00 00 00 00 00 101 011 00 011 010010 00 00 00 00 00 00 1101 00 00 10011 11111 00 011 101 011 00 00 101
 011 00 00 011 00 00 00 00 00 00 00 00 00 011 101 00 00 00 00 00 00 101 00 011 010010 00 101 011 00 00 011 1101 01011 10011 10011 00 011 1101 101 00 101 00 101
 011 00 00 00 00 011 101 011 00 00 00 00 00 00 00 00 00 00 011 101 00 00 01011 011 11110 101 00 00 00 00 010010 101 11111 10011 00 1101 011 1101 10011 00 101 00 00
 011 00 00 00 00 011 011 101 00 00 00 011 00 101 00 00 011 101 011 00 101 01011 101 1101 11110 011 00 101 101 1101 00 11111 010011 00 010010 011 00 1101 10011 00 00 101 00
 011 00 00 00 011 00 00 00 00 00 00 011 101 00 011 101 00 00 00 00 011 00 101 01011 1101 101 00 00 00 010010 01011 010011 11110 101 00 011 00 011 101 101 00 101 00
 011 00 00 011 00 00 011 101 011 101 011 00 00 00 00 00 00 00 00 00 101 011 011 01011 11111 111011 00 00 00 11111 11111 11110 1101 01011 1101 00 00 00 00 00 101 101 00
 011 011 101 011 011 00 00 00 00 00 00 011 00 101 011 00 101 00 00 11110 101 11111 011 101 1000110001 010100100 00 011 101 010011 10011 111011 011 01011 1101 00 00 101 011 101 00 101 101
 1101 00 011 00 011 00 00 00 011 00 00 00 00 00 00 00 00 00 101 111010 010000111 01010111 1110001 1000110000 01010110 1000101111 11111 011 01011 010011 11111 110000 1101 10011 1101 00 00 01011 011 011 101 101 101
 011 011 011 00 011 00 00 011 00 00 00 011 00 00 00 101 00 011 101 11110 010000110 1110000 0101000 1000101110 1000011 1000101101 1110000 110000 11111 111001 01011 110000 1101 11111 010010 101 00 101 011 101 00 101 101
 1101 00 011 011 011 00 00 011 00 011 101 011 00 011 101 00 00 00 011 0101000 1101 11110 1100010 01010110 01000101 111001 1000101100 01011 10011 110010 10011 1100111 1101 010011 010010 00 101 101 011 00 101 00 101
 1101 00 011 011 00 011 011 011 00 00 00 00 00 011 101 00 011 00 11111 1000010 11110 010011 1000101011 110001110 11000110 110000 0100011 01010101 1000101010 101 111001 1100111 010010 110010 11110 101 00 101 101 011 101 101 00
 1101 011 011 011 011 00 011 011 00 00 011 101 011 00 00 00 101 1101 1110000 011 100101 0100011 100100001 100100000 111001 1101 110001110 100101 010000101 10011 110010 100101 011 110010 11110 101 011 01011 00 101 00 101 00
 1101 00 00 1101 1101 1101 00 010010 101 101 00 010010 01011 00 101 00 00 1101 01010101 1110001 11000110 1000011 1000011 1000011 010011 111001 10010011 0100011 01010100 1100010 010100100 111010 011 111001 110000 101 00 11111 010010 101 00 101 101
 111010 111010 0101000 01011 00 1101 101 101 11110 00 010011 110000 01011 1101 1101 11111 10011 1000001 1110000 10010010 11110 1100010 010000111 1101 011 1000011 111001 100011111 01010111 01000101 0100011 00 11110 101 01011 00 011 00 00 011 00 00 00
 011 100101 111011 0100011 1000000 111010 11110 1110001 1000011 1000010 010000100 10010010 10011 011 010010 10011 11110 110010 111011 01000100 100101 11111 01000101 1100111 1000101001 11110 10011 010000101 100011110 00 101 1101 010010 11111 11110 11110 010011 01011 00 00 101 101 011
 1000010 11111 01011 01011 111010 010010 111001 1000001 111011 110010 00 11111 1000101000 111001 0100011 00 1000000 01011 1100010 1000010 100011101 1100110 010000100 1100110 111011 0100011 1000001 1000100111 0101000 101 01011 111011 110000 0101000 1101 1101 101 101 011 101 011 101 10011
 10011 010011 10011 01010110 10010011 100011100 110000 100011011 1000000 11110 1000100110 01010100 1100010 110010 01010100 111001 100011100 01011 01010110 10011 100011110 110010 11000110 010000110 1100110 00 1000100101 1000100100 00 011 00 101 1101 011 101 00 00 011 01011 010010 01011 1101 011
 10011 110000 100101 1000100011 111001 00 00 1100110 01000100 1100110 010000011 01010111 01011 0101000 101 01011 010000010 01010111 1101 110000 1110000 1000011 01000100 01010011 010000010 1000100010 10011 01011 1110001 011 00 00 1101 101 00 00 101 011 101 101 011 00 011
 1000011 10010001 1000001 11110 1110001 1101 01011 011 1100110 100100000 100011111 1000100001 1101 011 10011 110000 0100011 100101 110000 101 1000000 1100110 1000010 01000101 110010 1000010 1000001 10011 010011 011 00 00 011 1101 10011 00 00 011 01011 00 011 00 011
 10010010 110000 10011 010011 1100010 100101 010000001 1000100000 111011 110010 01000100 010011 101 01011 010000010 100011010 010011 111010 1000001 01000101 10010001 010011 1100111 1000001 11110 1110000 100101 1000010 101 00 00 00 1101 011 10011 011 00 00 101 011 00 00 011
 010011 00 011 01011 00 100101 01000101 010010 11111 1110000 11111 00 100011001 1000000 100101 10010011 00 10011 1101 11110 110010 1101 100101 100101 111011 010000001 10011 10011 011 00 00 00 011 011 01011 00 00 011 00 101 00 011 011
 011 010010 010011 111011 010000000 1100010 111010 10010001 111001 00 110010 100011001 011 01000100 110010 1100111 010010 111010 010010 00 0101000 1000000 1000001 1101 111010 1000010 1110001 011 00 00 00 00 00 00 011 00 101 011 101 011 101 011 011
 111011 1100111 01010011 10010011 010000000 0101000 0100011 0101000 111010 0100011 010000011 010011 010100100 111010 00 1000011 01010110 100011010 010000000 0100011 010010 01010100 100101 011 1100010 1000000 01010101 011 00 00 00 00 00 00 00 011 101 011 101 011 00 00 00
 1101 100100001 010000001 1101 1000000 1000010 00 00 00 00 00 00 11110 11111 1101 01011 00 010010 10011 00 00 111011 110000 010010 010000110 010011 01010100 00 00 00 00 00 00 00 00 00 011 00 101 011 00 00 00
 111010 01011 01010011 10010001 010011 00 11111 00 00 00 010010 011 11111 00 00 00 00 00 1101 100101 11111 10011 1100111 1101 01010011 0100011 01010101 110010 011 00 00 00 011 00 101 011 101 00 00 011 00 011 00
 00 00 100011101 101 00 1101 01011 010000011 0101001011 100011011 010000101 111010 111001 11110 0101000 00 00 00 1101 111011 010011 110000 100101 1101 110000 10011 010011 01000100 011 00 00 00 011 00 101 00 011 101 00 00 011 00 00
 1000000 110010 011 010010 11111 010000111 010000100 10010010 11000110 0101001010 1110001 1101 011 101 01011 010011 01011 110001111 01010101 011 0101000 11110 11110 1101 1000001 01010011 01010111 111001 00 00 00 011 00 00 101 011 101 011 101 00 00 011 00