 0000 0110 0110 0110 0110 0110 0110 0110 0110 0110 0110 0110 0110 0110 0110 0110 0110 0110 0110 0110 0000 0110 0110 0111 0011 0011 0011 0011 0011 0011 0011 1110 1110 1110 00011 0000 0000 0110 0000 0110 0110 0110 0000
 0110 0110 0110 0111 0111 0111 0111 0111 0111 0111 0111 0111 0111 1001 0111 0111 0111 0111 0111 0111 0111 0110 0110 0111 0011 0011 00011 0011 0011 0011 00010 1101 00010 1001 0000 0000 0110 1001 0111 0111 0110 0110 0000
 0111 0111 0111 0111 0111 1001 0111 1001 1001 1001 1001 1001 1001 1001 1001 1001 1001 1001 00011 1001 1001 1001 0110 0111 00010 0011 0011 0011 0011 0011 1101 1110 1001 0000 0000 0111 1001 0011 0111 0111 0110 0110 0110
 1001 1001 1001 1001 1001 00011 0011 00011 00011 00011 00011 0011 0011 00011 00011 00011 0011 00011 0011 0011 00011 0111 0110 1001 1110 1101 1101 1110 00010 1101 1101 00011 0100 0100 0111 1001 1001 0011 0111 0111 0111 0110 0110
 00011 00011 00011 00011 0011 0011 0011 0011 0011 0011 0011 00010 0011 0011 00010 0011 0011 0011 0011 0011 00010 00010 0011 1001 0011 00011 00011 00011 00011 1110 0011 0000 00011 1001 1001 00011 00011 0011 00011 1001 1001 0111 0111
 0011 0011 0011 00010 00010 00010 1110 00010 1110 00010 1110 1110 1110 1110 1110 1110 1110 1110 1110 1110 00010 1110 1101 00010 0111 1110 1110 1110 1110 1001 0100 1001 0011 1001 0011 0011 0011 0011 0011 0011 00011 1001 1001
 00010 1110 00010 1110 1101 1101 1101 1101 1101 1101 1101 11001 11001 1101 11001 11001 1101 1101 1101 0010010 11000 1110 1101 1110 010101000 1101 1101 11001 1101 1001 0000 0011 00010 00011 00010 00010 00010 0011 00010 0011 0011 00011 1001
 1101 1101 11001 11001 001000 001000 001000 001000 11000 11000 11000 11000 11000 11000 11000 11000 11000 11000 001000 1111111 100011011 100001 00011 1000100111 11111101 010100 001000 11000 11001 00011 0000 00010 1101 0011 1110 1110 1110 0011 00010 1110 00010 0011 00011
 11001 001000 11000 11000 0010010 0010010 0010010 101011 101011 101011 101011 010100 010100 010100 010100 101011 101011 010100 101011 001011 1010001 101011 0011 11111100 11111101 0010101 1101 010100 001000 1001 0110 1110 11001 0011 1101 1110 1110 00010 1110 00010 00010 0011 00011
 11000 11000 0010010 101011 010100 010100 010100 101010 101010 100001 101010 100001 100001 001011 100001 100001 100001 100001 001011 11001 11000 101010 01011001 10100001 100011010 11111100 101010 101011 001000 00011 0110 1101 001000 0011 1101 1101 1110 00010 1110 1110 00010 00010 0011
 101011 101011 010100 101010 101010 100001 001011 100000 100000 100000 100000 100000 100000 111101 100000 100000 111101 111101 101010 00011 1101 1001 10100001 0010100 11111100 100011001 10100000 01011000 11001 1101 0110 1101 11000 0011 11001 1101 1101 1110 00010 1110 00010 0011 0011
 101010 100001 001011 100000 111101 111101 1111111 101001 101001 101001 0101101 101001 0101101 0101101 0101101 0101101 101001 0010101 1101 11001 001011 1110 01011000 11111011 11111010 11111001 100011000 10100001 11000 1101 0111 001000 11000 0011 11001 1101 11001 1110 1110 00010 00010 0011 0011
 001011 001011 001011 111101 101001 0010101 0010101 0010100 0101111 0101110 0101110 0010011 0101111 0101111 0101110 0101110 0101110 0010100 0010010 0000 01010111 1000100110 1000100101 11111011 11111001 1000100100 10100001 1000100011 101001 01010110 0000 001000 11000 00011 001000 11001 11001 0011 1101 1110 1110 00010 0011
 0010011 01011000 01010111 0010011 0010011 01010111 1010001 0010011 01010101 01010101 0010100 10001111 01011001 10001111 10001110 01011001 0010011 01010110 101001 0000 00011 111101 010101000 11111000 11110011 100011001 100010111 0010011 1011 001000 0000 0000 00011 1001 0110 0110 0111 0111 0111 1001 1001 1001 1001
 1010001 01010110 1111000 01010101 100000 1010001 10001111 1111111 10001110 0010101 11111000 0101111 0101101 0010101 0010100 0010101 0010011 101001 0010100 001000 100000 010100 0010100 11110010 1000100010 11111101 11111001 0010011 0111 0111 0110 1001 00010 0111 00010 001000 0011 1001 1001 1001 0111 0110 0111
 001011 101011 11000 11001 111101 0101101 101010 0101110 01010111 0010101 0010101 111101 1000100001 10100000 1111000 1111000 1010001 0010100 1111000 01011001 0010010 1010001 10100000 1000100000 100010110 100011010 11111011 11000 1001 0111 0000 0011 11000 1001 0011 1110 00010 0011 00010 0011 00010 0011 0111
 010100 11001 00010 0010100 001011 100010101 100011011 11000 1011 0111 100010100 111101 10001110 1010001 11001 0111 0101110 0101101 100011000 100010101 010100 1101 01011000 0101010011 11111010 11111010 1111000 0100 0100 0000 0000 0100 0110 0111 0110 0110 0110 0111 0000 1001 0110 1001 00011
 11000 001011 0101111 0011 1011 1011 1011 010100 1011 010100 11110011 100000 100001 1101 1110 0011 01010110 1110 11001 101010 0000 010100 1011 100001 11110011 100001 101011 11000 0100 0000 0000 0000 0111 0110 0110 0110 0000 0110 0000 0100 0000 0000 0110
 0101111 0100 1101 0010010 0000 0111 0000 0110 001011 10100000 0101110 0111 00011 0011 0111 1101 1011 00010 0010010 11000 1011 010100 1001 101010 11001 1011 1110 00011 0100 0000 0000 0000 0110 1001 0000 0000 0000 0110 0100 0100 0000 0000 0110
 00011 001000 1110 0111 001011 0101111 1101 0010011 10001111 0010100 001000 0011 00011 0111 11110010 1001 1011 1101 001011 01010111 1001 1011 0011 010100 100000 1001 11000 0000 0100 0100 0100 0100 0110 0111 0100 0000 0000 0000 0100 0000 0000 0000 0110
 0100 0100 0000 1011 1011 00010 100000 101001 001011 0111 1011 1011 101010 0111 001000 0110 0110 1011 0000 00011 1011 0000 1101 100001 101001 00011 0110 1011 0100 0100 0100 0100 0000 0110 0100 0100 0100 0000 0000 0100 0100 0000 0110
 0000 1001 1011 1001 100001 01010101 1111000 101010 1101 1101 0111 111101 1111111 00011 1011 0011 1101 100000 101001 101001 101011 0000 11001 11000 101001 001000 1011 0100 0100 0100 0100 0100 0100 0100 0000 0000 0100 0000 0100 0000 0100 0000 0110
 0011 0010010 01011001 101001 10001110 0010100 100001 1101 100000 1101 1111000 01010110 0000 001000 001000 0101110 010101000 010100 0010011 001011 1111111 0110 11001 001000 0101111 0010010 1011 0100 0100 0100 0100 0100 0100 0100 0100 0000 0100 0000 0100 0000 0000 0000 0000
 1110 01011000 1111111 0101101 11001 1011 1011 1011 1011 1011 1011 1011 0111 1011 0000 1011 1011 0110 1011 1011 1011 1001 11001 0010010 0010101 100000 0100 0100 0100 0100 0100 0100 0100 0100 0100 0100 0000 0000 0100 0000 0000 0000 0000
 001011 101010 11110010 1110 0111 0111 1011 1011 1011 1011 0110 0111 1011 1011 1011 1011 1011 1011 0000 1101 00011 0110 1101 001000 1010001 100000 00011 1011 0100 0100 0100 0100 0000 0000 0100 0000 0100 0100 0100 0000 0000 0110 0110
 001011 001011 0100 1011 1011 0000 1011 01010101 100010110 100010100 0100 11001 0111 00010 1011 1011 1011 1011 0000 0011 0000 00010 010100 100001 0101101 111101 010100 1011 0100 0100 0100 0100 0000 0000 0100 0100 0000 0100 0100 0100 0000 0000 0000
 00011 1011 0100 0111 1011 0010101 11111000 0101111 100010111 001011 0011 1110 1101 1110 0011 0000 1011 111101 0011 00010 1011 0111 00010 1101 001011 0101010010 00010 0100 0100 0100 0100 0000 0000 0000 0100 0000 0100 0000 0100 0100 0100 0000 0000